condition,category,direction,alpha,label,on_target,n_pairs,mean_baseline,mean_steered,shift,cohen_d,wilcoxon_stat,p_raw,p_bonf,significant_005
HYPO_pos_0.5,HYPO,pos,0.5,ORIENT,False,40,0.01855043425641561,0.012459876103662804,-0.006090558152752801,-0.2767416503158648,224.0,0.020529367233118944,,False
HYPO_pos_0.5,HYPO,pos,0.5,DESCRIBE,False,40,0.12017275708819927,0.09205488576561507,-0.028117871322584198,-0.16416650907911412,402.0,0.9205922683031531,,False
HYPO_pos_0.5,HYPO,pos,0.5,SYNTHESIZE,False,40,0.020701320838769598,0.01878078352611286,-0.0019205373126567394,-0.04032222199186721,300.5,0.8122677126592173,,False
HYPO_pos_0.5,HYPO,pos,0.5,HYPO,True,40,0.1394172935506663,0.1595675267062054,0.020150233155539102,0.3151184528062679,306.0,0.16589964473860164,1.0,False
HYPO_pos_0.5,HYPO,pos,0.5,TEST,False,40,0.5393414186480165,0.5375036951024356,-0.0018377235455810021,-0.009991331395718828,360.0,0.5099141109240009,,False
HYPO_pos_0.5,HYPO,pos,0.5,JUDGE,False,40,0.09112046046668851,0.09211141614119808,0.0009909556745095732,0.01816686728977167,388.0,0.7749952346202917,,False
HYPO_pos_0.5,HYPO,pos,0.5,PLAN,False,40,0.04151262582401535,0.04977911524015026,0.008266489416134903,0.21800851788174622,364.0,0.5448004511072213,,False
HYPO_pos_0.5,HYPO,pos,0.5,MONITOR,False,40,0.02194271932550454,0.0332937498001395,0.011351030474634958,0.5044582465842518,186.0,0.0044158381980095845,,False
HYPO_pos_0.5,HYPO,pos,0.5,RULE,False,40,0.007240970001723958,0.004448951614480128,-0.00279201838724383,-0.2724900855157426,126.0,0.07953343933418376,,False
HYPO_pos_1.0,HYPO,pos,1.0,ORIENT,False,40,0.01855043425641561,0.009005924256746595,-0.009544509999669014,-0.5449120721638373,171.0,0.0009411722930963151,,False
HYPO_pos_1.0,HYPO,pos,1.0,DESCRIBE,False,40,0.12017275708819927,0.07515809279201746,-0.045014664296181825,-0.3225388488500669,280.0,0.08171383123044507,,False
HYPO_pos_1.0,HYPO,pos,1.0,SYNTHESIZE,False,40,0.020701320838769598,0.006583630663633352,-0.01411769017513625,-0.3885963879441258,152.0,0.036234932920660115,,False
HYPO_pos_1.0,HYPO,pos,1.0,HYPO,True,40,0.1394172935506663,0.21106548177151385,0.07164818822084759,0.7005611753712012,121.0,4.098819044884294e-05,0.0008197638089768589,True
HYPO_pos_1.0,HYPO,pos,1.0,TEST,False,40,0.5393414186480165,0.4752016934745259,-0.06413972517349067,-0.41685262243862176,218.0,0.00899504264089046,,False
HYPO_pos_1.0,HYPO,pos,1.0,JUDGE,False,40,0.09112046046668851,0.13501270306681254,0.043892242600124046,0.6183512669292178,134.0,0.00010100967301696073,,False
HYPO_pos_1.0,HYPO,pos,1.0,PLAN,False,40,0.04151262582401535,0.038789815048545465,-0.0027228107754698927,-0.0920984657047771,355.0,0.4679718594561564,,False
HYPO_pos_1.0,HYPO,pos,1.0,MONITOR,False,40,0.02194271932550454,0.0436031592720688,0.021660439946564258,0.5909599637739165,148.0,0.00024816789118631277,,False
HYPO_pos_1.0,HYPO,pos,1.0,RULE,False,40,0.007240970001723958,0.005579499654135725,-0.001661470347588233,-0.0885917998010678,132.0,0.10592770823298073,,False
HYPO_neg_0.5,HYPO,neg,0.5,ORIENT,False,40,0.01855043425641561,0.013737545443740529,-0.004812888812675079,-0.22390789536534475,313.0,0.19685455255421402,,False
HYPO_neg_0.5,HYPO,neg,0.5,DESCRIBE,False,40,0.12017275708819927,0.13586555889099436,0.01569280180279509,0.07268756273562496,348.0,0.4125340336249792,,False
HYPO_neg_0.5,HYPO,neg,0.5,SYNTHESIZE,False,40,0.020701320838769598,0.03204081281703109,0.01133949197826149,0.12968939538819488,280.0,0.28073511825954933,,False
HYPO_neg_0.5,HYPO,neg,0.5,HYPO,True,40,0.1394172935506663,0.13456895209326233,-0.004848341457403933,-0.05392881719667255,386.0,0.7546940826050559,1.0,False
HYPO_neg_0.5,HYPO,neg,0.5,TEST,False,40,0.5393414186480165,0.4982433859482057,-0.041098032699810765,-0.20660654148387408,276.0,0.07250633211879176,,False
HYPO_neg_0.5,HYPO,neg,0.5,JUDGE,False,40,0.09112046046668851,0.08729362391222857,-0.003826836554459956,-0.06117568725791244,363.0,0.5359713830403052,,False
HYPO_neg_0.5,HYPO,neg,0.5,PLAN,False,40,0.04151262582401535,0.053900666692405695,0.012388040868390345,0.24121608345823187,376.0,0.6558992899281293,,False
HYPO_neg_0.5,HYPO,neg,0.5,MONITOR,False,40,0.02194271932550454,0.03529508996670807,0.013352370641203534,0.34787926892740084,275.0,0.07033917775879672,,False
HYPO_neg_0.5,HYPO,neg,0.5,RULE,False,40,0.007240970001723958,0.009054364235423223,0.0018133942336992647,0.10922282045693986,233.0,0.5621391110725872,,False
HYPO_neg_1.0,HYPO,neg,1.0,ORIENT,False,40,0.01855043425641561,0.014763803230350453,-0.0037866310260651543,-0.19455000397236377,369.0,0.589975534387122,,False
HYPO_neg_1.0,HYPO,neg,1.0,DESCRIBE,False,40,0.12017275708819927,0.09475122049470733,-0.025421536593491945,-0.14153797148543068,376.0,0.6558992899281293,,False
HYPO_neg_1.0,HYPO,neg,1.0,SYNTHESIZE,False,40,0.020701320838769598,0.008506662457849364,-0.012194658380920235,-0.3226059452354893,200.0,0.0596189066411146,,False
HYPO_neg_1.0,HYPO,neg,1.0,HYPO,True,40,0.1394172935506663,0.164227068474443,0.024809774923776735,0.3082622191954174,290.0,0.10879914976976579,1.0,False
HYPO_neg_1.0,HYPO,neg,1.0,TEST,False,40,0.5393414186480165,0.4996609883432481,-0.03968043030476848,-0.2244359124874066,265.0,0.051399685278738616,,False
HYPO_neg_1.0,HYPO,neg,1.0,JUDGE,False,40,0.09112046046668851,0.1126595363013592,0.021539075834670695,0.3610112925144274,254.0,0.03560432962331106,,False
HYPO_neg_1.0,HYPO,neg,1.0,PLAN,False,40,0.04151262582401535,0.05965969639647262,0.018147070572457263,0.4557989228527515,223.0,0.011074391617512447,,False
HYPO_neg_1.0,HYPO,neg,1.0,MONITOR,False,40,0.02194271932550454,0.03526987720739088,0.013327157881886343,0.41010187864395053,261.0,0.0450981847334333,,False
HYPO_neg_1.0,HYPO,neg,1.0,RULE,False,40,0.007240970001723958,0.010501147094178738,0.0032601770924547803,0.16680469639874035,187.0,0.7156020623007808,,False
TEST_pos_0.5,TEST,pos,0.5,ORIENT,False,40,0.01855043425641561,0.013889078287798201,-0.004661355968617405,-0.22323387730235886,344.0,0.3826448613508546,,False
TEST_pos_0.5,TEST,pos,0.5,DESCRIBE,False,40,0.12017275708819927,0.11033732141646853,-0.009835435671730747,-0.04964506620262913,394.0,0.8367550107286661,,False
TEST_pos_0.5,TEST,pos,0.5,SYNTHESIZE,False,40,0.020701320838769598,0.023385257791587323,0.0026839369528177197,0.04494271288629042,240.0,0.653594295813201,,False
TEST_pos_0.5,TEST,pos,0.5,HYPO,False,40,0.1394172935506663,0.14536858511496126,0.005951291564294988,0.07514017963529222,390.0,0.7954479165618977,,False
TEST_pos_0.5,TEST,pos,0.5,TEST,True,40,0.5393414186480165,0.5344517826936268,-0.004889635954389871,-0.023520207165968133,394.0,0.8367550107286661,1.0,False
TEST_pos_0.5,TEST,pos,0.5,JUDGE,False,40,0.09112046046668851,0.08700542519050822,-0.004115035276180298,-0.08981546720672211,358.0,0.49291002014433616,,False
TEST_pos_0.5,TEST,pos,0.5,PLAN,False,40,0.04151262582401535,0.04474458491880694,0.0032319590947915825,0.08329476458122573,410.0,1.0,,False
TEST_pos_0.5,TEST,pos,0.5,MONITOR,False,40,0.02194271932550454,0.033164583480792396,0.011221864155287857,0.3953403096970757,219.0,0.017018646601114806,,False
TEST_pos_0.5,TEST,pos,0.5,RULE,False,40,0.007240970001723958,0.007653381105450091,0.00041241110372613294,0.02606266273751373,228.0,0.9262550873076122,,False
TEST_pos_1.0,TEST,pos,1.0,ORIENT,False,40,0.01855043425641561,0.010881705459687158,-0.007668728796728447,-0.4842490038773636,133.0,9.446514923183713e-05,,False
TEST_pos_1.0,TEST,pos,1.0,DESCRIBE,False,40,0.12017275708819927,0.08332961074857988,-0.03684314633961941,-0.21135414983138184,303.0,0.1537894909415627,,False
TEST_pos_1.0,TEST,pos,1.0,SYNTHESIZE,False,40,0.020701320838769598,0.009978765554999863,-0.010722555283769737,-0.29670554369923247,193.0,0.07399917458095058,,False
TEST_pos_1.0,TEST,pos,1.0,HYPO,False,40,0.1394172935506663,0.1520060551027976,0.01258876155213133,0.18956409244042222,339.0,0.34716529149409325,,False
TEST_pos_1.0,TEST,pos,1.0,TEST,True,40,0.5393414186480165,0.5914040781154746,0.05206265946745797,0.3040321236670384,251.0,0.03207873742940137,0.6415747485880274,False
TEST_pos_1.0,TEST,pos,1.0,JUDGE,False,40,0.09112046046668851,0.09511188444657008,0.003991423979881568,0.08861273872226595,393.0,0.826382224491681,,False
TEST_pos_1.0,TEST,pos,1.0,PLAN,False,40,0.04151262582401535,0.0268122208660841,-0.014700404957931252,-0.648972602803233,144.0,0.0005970973617562248,,False
TEST_pos_1.0,TEST,pos,1.0,MONITOR,False,40,0.02194271932550454,0.026496105981757456,0.004553386656252918,0.19843130513550788,301.0,0.21423847520737893,,False
TEST_pos_1.0,TEST,pos,1.0,RULE,False,40,0.007240970001723958,0.003979573724049033,-0.0032613962776749245,-0.29795346166104647,109.0,0.09121299414293242,,False
TEST_neg_0.5,TEST,neg,0.5,ORIENT,False,40,0.01855043425641561,0.013595677064264488,-0.004954757192151119,-0.2682810757629771,304.0,0.1577509693797765,,False
TEST_neg_0.5,TEST,neg,0.5,DESCRIBE,False,40,0.12017275708819927,0.10300607247188949,-0.01716668461630979,-0.10115683592520451,385.0,0.7446043581785489,,False
TEST_neg_0.5,TEST,neg,0.5,SYNTHESIZE,False,40,0.020701320838769598,0.01064160142289922,-0.01005971941587038,-0.24127710334928237,217.0,0.1084594752985515,,False
TEST_neg_0.5,TEST,neg,0.5,HYPO,False,40,0.1394172935506663,0.16569205915355295,0.026274765602886708,0.31876306724244413,307.0,0.17008811905543553,,False
TEST_neg_0.5,TEST,neg,0.5,TEST,True,40,0.5393414186480165,0.5226370326394226,-0.016704386008593957,-0.10158945119762366,338.0,0.34032321635640983,1.0,False
TEST_neg_0.5,TEST,neg,0.5,JUDGE,False,40,0.09112046046668851,0.0757226190281263,-0.01539784143856222,-0.29186820879684905,279.0,0.07932943338346377,,False
TEST_neg_0.5,TEST,neg,0.5,PLAN,False,40,0.04151262582401535,0.058364995957034815,0.01685237013301947,0.5233568166894241,182.0,0.0016823487039800966,,False
TEST_neg_0.5,TEST,neg,0.5,MONITOR,False,40,0.02194271932550454,0.044523294236503155,0.022580574910998612,0.5806721856881389,143.0,0.0005670909974086868,,False
TEST_neg_0.5,TEST,neg,0.5,RULE,False,40,0.007240970001723958,0.005816648026306633,-0.001424321975417325,-0.10274645625349517,189.5,0.2516191774545261,,False
TEST_neg_1.0,TEST,neg,1.0,ORIENT,False,40,0.01855043425641561,0.015012714611873187,-0.00353771964454242,-0.18119161815901516,331.0,0.2948169606661395,,False
TEST_neg_1.0,TEST,neg,1.0,DESCRIBE,False,40,0.12017275708819927,0.07834685359620984,-0.04182590349198945,-0.257596107227812,305.0,0.1617874718067469,,False
TEST_neg_1.0,TEST,neg,1.0,SYNTHESIZE,False,40,0.020701320838769598,0.013829507886781228,-0.006871812951988373,-0.21342085234662025,220.0,0.2796954840975078,,False
TEST_neg_1.0,TEST,neg,1.0,HYPO,False,40,0.1394172935506663,0.21616453208869296,0.0767472385380267,0.7076166123673953,129.0,7.198017374321353e-05,,False
TEST_neg_1.0,TEST,neg,1.0,TEST,True,40,0.5393414186480165,0.45374760689858695,-0.08559381174942972,-0.5400731012231983,175.0,0.0011671793090499705,0.02334358618099941,True
TEST_neg_1.0,TEST,neg,1.0,JUDGE,False,40,0.09112046046668851,0.1066684610275157,0.01554800056082718,0.23050901381017147,313.0,0.19685455255421402,,False
TEST_neg_1.0,TEST,neg,1.0,PLAN,False,40,0.04151262582401535,0.07147541974134419,0.029962793917328846,0.7708571393976592,115.0,2.639073136379011e-05,,False
TEST_neg_1.0,TEST,neg,1.0,MONITOR,False,40,0.02194271932550454,0.0349538603867573,0.013011141061252762,0.4370961860671548,223.0,0.011074391617512447,,False
TEST_neg_1.0,TEST,neg,1.0,RULE,False,40,0.007240970001723958,0.009801043762238412,0.0025600737605144543,0.12383894425986328,187.0,0.7156020623007808,,False
JUDGE_pos_0.5,JUDGE,pos,0.5,ORIENT,False,40,0.01855043425641561,0.009721958003683268,-0.00882847625273234,-0.4420179993600713,150.0,0.00028057557574356906,,False
JUDGE_pos_0.5,JUDGE,pos,0.5,DESCRIBE,False,40,0.12017275708819927,0.10447950292386024,-0.015693254164339032,-0.08483117107988154,398.0,0.8785070700851065,,False
JUDGE_pos_0.5,JUDGE,pos,0.5,SYNTHESIZE,False,40,0.020701320838769598,0.013101078751250753,-0.0076002420875188464,-0.18981985358236678,217.0,0.543523855518597,,False
JUDGE_pos_0.5,JUDGE,pos,0.5,HYPO,False,40,0.1394172935506663,0.15278783960575498,0.013370546055088727,0.19287511263553966,311.0,0.18761708125202858,,False
JUDGE_pos_0.5,JUDGE,pos,0.5,TEST,False,40,0.5393414186480165,0.5235194993713643,-0.015821919276652274,-0.08156986604267574,340.0,0.35409228332900966,,False
JUDGE_pos_0.5,JUDGE,pos,0.5,JUDGE,True,40,0.09112046046668851,0.0951781777403113,0.0040577172736227865,0.07633418535660999,384.0,0.7345573100628826,1.0,False
JUDGE_pos_0.5,JUDGE,pos,0.5,PLAN,False,40,0.04151262582401535,0.061121356169797726,0.019608730345782373,0.5367605063584031,201.0,0.004244452147759148,,False
JUDGE_pos_0.5,JUDGE,pos,0.5,MONITOR,False,40,0.02194271932550454,0.03429529061374712,0.01235257128824258,0.44515671957685626,225.0,0.021302786454192136,,False
JUDGE_pos_0.5,JUDGE,pos,0.5,RULE,False,40,0.007240970001723958,0.0057952968202299605,-0.001445673181493997,-0.09390221809599279,176.0,0.24519030932096386,,False
JUDGE_pos_1.0,JUDGE,pos,1.0,ORIENT,False,40,0.01855043425641561,0.010011208652741117,-0.008539225603674488,-0.506502120518464,168.0,0.0007984068197401939,,False
JUDGE_pos_1.0,JUDGE,pos,1.0,DESCRIBE,False,40,0.12017275708819927,0.06358179072009476,-0.056590966368104526,-0.3815172000361396,214.0,0.00758486291852023,,False
JUDGE_pos_1.0,JUDGE,pos,1.0,SYNTHESIZE,False,40,0.020701320838769598,0.006741989871009446,-0.013959330967760156,-0.4246172452795077,96.0,0.004986953184408567,,False
JUDGE_pos_1.0,JUDGE,pos,1.0,HYPO,False,40,0.1394172935506663,0.1447716213154112,0.005354327764744949,0.08118887335132789,391.0,0.8057269839482615,,False
JUDGE_pos_1.0,JUDGE,pos,1.0,TEST,False,40,0.5393414186480165,0.5414816067334682,0.0021401880854516955,0.013271248681089382,402.0,0.9205922683031531,,False
JUDGE_pos_1.0,JUDGE,pos,1.0,JUDGE,True,40,0.09112046046668851,0.11229544513519296,0.021174984668504433,0.34877569128918445,267.0,0.05481029127986403,1.0,False
JUDGE_pos_1.0,JUDGE,pos,1.0,PLAN,False,40,0.04151262582401535,0.0631249480900381,0.021612322266022742,0.5068402983668454,192.0,0.002770629538645153,,False
JUDGE_pos_1.0,JUDGE,pos,1.0,MONITOR,False,40,0.02194271932550454,0.04529787174620815,0.023355152420703608,0.348440513323131,203.0,0.004653470972698415,,False
JUDGE_pos_1.0,JUDGE,pos,1.0,RULE,False,40,0.007240970001723958,0.012693517735835705,0.005452547734111748,0.25991109108586213,158.0,0.1982405546429553,,False
JUDGE_neg_0.5,JUDGE,neg,0.5,ORIENT,False,40,0.01855043425641561,0.017100504593179154,-0.001449929663236452,-0.0656633507337473,357.0,0.48452077669571736,,False
JUDGE_neg_0.5,JUDGE,neg,0.5,DESCRIBE,False,40,0.12017275708819927,0.09406629693118873,-0.02610646015701056,-0.14429660691099314,365.0,0.5536995567435952,,False
JUDGE_neg_0.5,JUDGE,neg,0.5,SYNTHESIZE,False,40,0.020701320838769598,0.018380540685424225,-0.0023207801533453773,-0.06147938746799229,327.0,0.9248998836043245,,False
JUDGE_neg_0.5,JUDGE,neg,0.5,HYPO,False,40,0.1394172935506663,0.13926042815029188,-0.00015686540037438134,-0.0020461763580843606,338.0,0.34032321635640983,,False
JUDGE_neg_0.5,JUDGE,neg,0.5,TEST,False,40,0.5393414186480165,0.5573191251328922,0.0179777064848756,0.09728228035319372,341.0,0.3611039877814619,,False
JUDGE_neg_0.5,JUDGE,neg,0.5,JUDGE,True,40,0.09112046046668851,0.08488374341634812,-0.006236717050340395,-0.12124669041075133,319.0,0.22650754260575923,1.0,False
JUDGE_neg_0.5,JUDGE,neg,0.5,PLAN,False,40,0.04151262582401535,0.04934969702127601,0.007837071197260648,0.2034443558408046,374.0,0.6367651425298391,,False
JUDGE_neg_0.5,JUDGE,neg,0.5,MONITOR,False,40,0.02194271932550454,0.032500017304146644,0.0105572979786421,0.37983374534229114,221.0,0.01835416873306859,,False
JUDGE_neg_0.5,JUDGE,neg,0.5,RULE,False,40,0.007240970001723958,0.0071396467652528,-0.00010132323647115763,-0.0075043694837676166,196.0,0.8733496974545409,,False
JUDGE_neg_1.0,JUDGE,neg,1.0,ORIENT,False,40,0.01855043425641561,0.00949905222155071,-0.009051382034864896,-0.4715581014478125,144.0,0.00019334589705977123,,False
JUDGE_neg_1.0,JUDGE,neg,1.0,DESCRIBE,False,40,0.12017275708819927,0.08036797898436196,-0.03980477810383731,-0.24043030761377548,315.0,0.20641296513713314,,False
JUDGE_neg_1.0,JUDGE,neg,1.0,SYNTHESIZE,False,40,0.020701320838769598,0.011589544290609152,-0.00911177654816045,-0.221530463675992,237.0,0.20139241473048308,,False
JUDGE_neg_1.0,JUDGE,neg,1.0,HYPO,False,40,0.1394172935506663,0.15300771042613454,0.013590416875468248,0.17342474159690682,359.0,0.5013747400735156,,False
JUDGE_neg_1.0,JUDGE,neg,1.0,TEST,False,40,0.5393414186480165,0.5540635272856118,0.014722108637595188,0.07168952206719525,367.0,0.5717037787562731,,False
JUDGE_neg_1.0,JUDGE,neg,1.0,JUDGE,True,40,0.09112046046668851,0.09312210741924482,0.002001646952556305,0.03276701961833699,409.0,0.9946976143110078,1.0,False
JUDGE_neg_1.0,JUDGE,neg,1.0,PLAN,False,40,0.04151262582401535,0.03766657467245756,-0.0038460511515577877,-0.14289354747346014,351.0,0.4358124383925315,,False
JUDGE_neg_1.0,JUDGE,neg,1.0,MONITOR,False,40,0.02194271932550454,0.055143488902347534,0.033200769576842995,0.5648262897910165,101.0,5.507059291793959e-05,,False
JUDGE_neg_1.0,JUDGE,neg,1.0,RULE,False,40,0.007240970001723958,0.005540015797681672,-0.0017009542040422848,-0.1077306115354179,134.0,0.18637637586110412,,False
JUDGE_neg_2.0,JUDGE,neg,2.0,ORIENT,False,40,0.01855043425641561,0.02982819210803509,0.011277757851619477,0.21633442361192962,366.0,0.5626676823321759,,False
JUDGE_neg_2.0,JUDGE,neg,2.0,DESCRIBE,False,40,0.12017275708819927,0.08221969618805558,-0.037953060900143706,-0.20641135258205304,298.0,0.13508384089254832,,False
JUDGE_neg_2.0,JUDGE,neg,2.0,SYNTHESIZE,False,40,0.020701320838769598,0.0008534831062665101,-0.019847837732503093,-0.5889430872812833,8.0,1.3666468688387963e-05,,False
JUDGE_neg_2.0,JUDGE,neg,2.0,HYPO,False,40,0.1394172935506663,0.13753778404935324,-0.0018795095013130147,-0.009494547194428719,340.0,0.35409228332900966,,False
JUDGE_neg_2.0,JUDGE,neg,2.0,TEST,False,40,0.5393414186480165,0.17676048414443396,-0.3625809345035826,-1.4097477034619958,46.0,3.480272425804287e-08,,False
JUDGE_neg_2.0,JUDGE,neg,2.0,JUDGE,True,40,0.09112046046668851,0.09456122812717192,0.003440767660483411,0.01949694580392595,293.0,0.11579998912860627,,False
JUDGE_neg_2.0,JUDGE,neg,2.0,PLAN,False,40,0.04151262582401535,0.08294815959433376,0.04143553377031841,0.4795385202923183,206.0,0.005332173790520756,,False
JUDGE_neg_2.0,JUDGE,neg,2.0,MONITOR,False,40,0.02194271932550454,0.39514304368826686,0.37320032436276235,1.1718509447675727,19.0,5.584297468885779e-10,,False
JUDGE_neg_2.0,JUDGE,neg,2.0,RULE,False,40,0.007240970001723958,0.00014792899408284,-0.0070930410076411165,-0.8167332311519612,0.0,1.821529714896801e-05,,False
MONITOR_pos_0.5,MONITOR,pos,0.5,ORIENT,False,40,0.01855043425641561,0.012470267608894022,-0.006080166647521585,-0.46874714363831976,233.0,0.01650634321049438,,False
MONITOR_pos_0.5,MONITOR,pos,0.5,DESCRIBE,False,40,0.12017275708819927,0.11339184521512236,-0.006780911873076931,-0.03746627951851237,370.0,0.599208943085614,,False
MONITOR_pos_0.5,MONITOR,pos,0.5,SYNTHESIZE,False,40,0.020701320838769598,0.013805732794486283,-0.006895588044283316,-0.19396175997860854,223.0,0.2027401688927205,,False
MONITOR_pos_0.5,MONITOR,pos,0.5,HYPO,False,40,0.1394172935506663,0.14957107300438105,0.010153779453714772,0.1330594891599568,355.0,0.4679718594561564,,False
MONITOR_pos_0.5,MONITOR,pos,0.5,TEST,False,40,0.5393414186480165,0.5267708226755375,-0.012570595972479027,-0.06798653736728269,361.0,0.5185272742000961,,False
MONITOR_pos_0.5,MONITOR,pos,0.5,JUDGE,False,40,0.09112046046668851,0.06550002237408234,-0.02562043809260619,-0.5107786319441181,203.0,0.004653470972698415,,False
MONITOR_pos_0.5,MONITOR,pos,0.5,PLAN,False,40,0.04151262582401535,0.051283782145575565,0.009771156321560212,0.3019405511299163,263.0,0.048164484947847086,,False
MONITOR_pos_0.5,MONITOR,pos,0.5,MONITOR,True,40,0.02194271932550454,0.059887053333801496,0.03794433400829696,0.8519803316432957,65.0,3.1401395972352475e-07,6.280279194470495e-06,True
MONITOR_pos_0.5,MONITOR,pos,0.5,RULE,False,40,0.007240970001723958,0.007319400848119058,7.843084639510019e-05,0.005656667893217648,313.5,0.980398645407107,,False
MONITOR_pos_1.0,MONITOR,pos,1.0,ORIENT,False,40,0.01855043425641561,0.016128491727865863,-0.0024219425285497424,-0.11919117183390662,356.0,0.47620780297620513,,False
MONITOR_pos_1.0,MONITOR,pos,1.0,DESCRIBE,False,40,0.12017275708819927,0.10215535983447577,-0.018017397253723498,-0.09141018285317513,346.0,0.3974238318751304,,False
MONITOR_pos_1.0,MONITOR,pos,1.0,SYNTHESIZE,False,40,0.020701320838769598,0.015358450244288696,-0.005342870594480907,-0.11126842143059529,219.0,0.2718145572179088,,False
MONITOR_pos_1.0,MONITOR,pos,1.0,HYPO,False,40,0.1394172935506663,0.1750860819662641,0.035668788415597855,0.38180646289196946,252.0,0.033219984823517734,,False
MONITOR_pos_1.0,MONITOR,pos,1.0,TEST,False,40,0.5393414186480165,0.4702484236710903,-0.06909299497692623,-0.34523148775229534,235.0,0.017831046616265667,,False
MONITOR_pos_1.0,MONITOR,pos,1.0,JUDGE,False,40,0.09112046046668851,0.0901418486897599,-0.000978611776928627,-0.01328689955005435,355.0,0.4679718594561564,,False
MONITOR_pos_1.0,MONITOR,pos,1.0,PLAN,False,40,0.04151262582401535,0.05771378961655349,0.016201163792538126,0.39091373453012673,235.0,0.017831046616265667,,False
MONITOR_pos_1.0,MONITOR,pos,1.0,MONITOR,True,40,0.02194271932550454,0.06454077849584852,0.042598059170343976,0.6219420126075721,78.0,1.1621450539678335e-06,2.324290107935667e-05,True
MONITOR_pos_1.0,MONITOR,pos,1.0,RULE,False,40,0.007240970001723958,0.008626775753853044,0.0013858057521290881,0.09323096197218549,198.0,0.9093510601128354,,False
MONITOR_neg_0.5,MONITOR,neg,0.5,ORIENT,False,40,0.01855043425641561,0.013736925218063042,-0.004813509038352566,-0.23249628161091695,306.0,0.16589964473860164,,False
MONITOR_neg_0.5,MONITOR,neg,0.5,DESCRIBE,False,40,0.12017275708819927,0.10365575970344634,-0.016516997384752947,-0.08951427537316901,393.0,0.826382224491681,,False
MONITOR_neg_0.5,MONITOR,neg,0.5,SYNTHESIZE,False,40,0.020701320838769598,0.012502320820128273,-0.008199000018641326,-0.20737945195780833,167.0,0.17789591393265258,,False
MONITOR_neg_0.5,MONITOR,neg,0.5,HYPO,False,40,0.1394172935506663,0.15386683781616856,0.014449544265502262,0.18776499997192106,338.0,0.34032321635640983,,False
MONITOR_neg_0.5,MONITOR,neg,0.5,TEST,False,40,0.5393414186480165,0.5449256077126318,0.005584189064615249,0.029844659533194335,401.0,0.9100459608780511,,False
MONITOR_neg_0.5,MONITOR,neg,0.5,JUDGE,False,40,0.09112046046668851,0.10398057354461472,0.012860113077926191,0.27644325464818836,302.0,0.14990237551683094,,False
MONITOR_neg_0.5,MONITOR,neg,0.5,PLAN,False,40,0.04151262582401535,0.04116652834701673,-0.00034609747699862193,-0.011335610735968359,369.0,0.589975534387122,,False
MONITOR_neg_0.5,MONITOR,neg,0.5,MONITOR,True,40,0.02194271932550454,0.020829221534417415,-0.0011134977910871274,-0.04858622051879134,392.0,0.8160389817658142,1.0,False
MONITOR_neg_0.5,MONITOR,neg,0.5,RULE,False,40,0.007240970001723958,0.005336225303512825,-0.0019047446982111325,-0.14957883709028208,189.0,0.2475895826833887,,False
MONITOR_neg_1.0,MONITOR,neg,1.0,ORIENT,False,40,0.01855043425641561,0.027304849717729222,0.008754415461313619,0.23209789682180923,357.0,0.48452077669571736,,False
MONITOR_neg_1.0,MONITOR,neg,1.0,DESCRIBE,False,40,0.12017275708819927,0.0973688098865529,-0.022803947201646392,-0.11665091314188465,349.0,0.42021225081225566,,False
MONITOR_neg_1.0,MONITOR,neg,1.0,SYNTHESIZE,False,40,0.020701320838769598,0.03479172524487621,0.014090404406106621,0.18733578931337566,263.0,0.754508983583105,,False
MONITOR_neg_1.0,MONITOR,neg,1.0,HYPO,False,40,0.1394172935506663,0.17275852934477756,0.03334123579411129,0.33517029881988125,270.0,0.060269491961662425,,False
MONITOR_neg_1.0,MONITOR,neg,1.0,TEST,False,40,0.5393414186480165,0.4599929427807442,-0.07934847586727227,-0.4643133215231896,207.0,0.005576999594268273,,False
MONITOR_neg_1.0,MONITOR,neg,1.0,JUDGE,False,40,0.09112046046668851,0.09389069371701322,0.002770233250324705,0.042940892780969374,360.0,0.8789709138832357,,False
MONITOR_neg_1.0,MONITOR,neg,1.0,PLAN,False,40,0.04151262582401535,0.0709156700137081,0.029403044189692758,0.4882063701907851,237.0,0.019245540157498908,,False
MONITOR_neg_1.0,MONITOR,neg,1.0,MONITOR,True,40,0.02194271932550454,0.021841207429281355,-0.0001015118962231814,-0.0028478079285075633,305.0,0.1617874718067469,1.0,False
MONITOR_neg_1.0,MONITOR,neg,1.0,RULE,False,40,0.007240970001723958,0.021135571865316873,0.013894601863592915,0.545288666542242,139.0,0.003942462507876212,,False
PLAN_pos_0.5,PLAN,pos,0.5,ORIENT,False,40,0.01855043425641561,0.013082939423692425,-0.005467494832723183,-0.31023783275589245,281.0,0.08415465162215696,,False
PLAN_pos_0.5,PLAN,pos,0.5,DESCRIBE,False,40,0.12017275708819927,0.12297943984490249,0.0028066827567032188,0.01577148626212177,409.0,0.9946976143110078,,False
PLAN_pos_0.5,PLAN,pos,0.5,SYNTHESIZE,False,40,0.020701320838769598,0.020552917709381863,-0.00014840312938773845,-0.0030020605650397368,330.0,0.9624082426994515,,False
PLAN_pos_0.5,PLAN,pos,0.5,HYPO,False,40,0.1394172935506663,0.13870435591936414,-0.0007129376313021226,-0.011419144109952196,396.0,0.8575823361643415,,False
PLAN_pos_0.5,PLAN,pos,0.5,TEST,False,40,0.5393414186480165,0.5230137385527845,-0.016327680095232146,-0.0870686800812612,398.0,0.8785070700851065,,False
PLAN_pos_0.5,PLAN,pos,0.5,JUDGE,False,40,0.09112046046668851,0.08719316117139428,-0.003927299295294231,-0.08197056468059881,397.0,0.8680334030395898,,False
PLAN_pos_0.5,PLAN,pos,0.5,PLAN,True,40,0.04151262582401535,0.062477099038104146,0.020964473214088793,0.3477065027826196,285.0,0.09449897358172166,1.0,False
PLAN_pos_0.5,PLAN,pos,0.5,MONITOR,False,40,0.02194271932550454,0.025829902330139043,0.003887183004634502,0.16741759591293606,336.0,0.32689447529082827,,False
PLAN_pos_0.5,PLAN,pos,0.5,RULE,False,40,0.007240970001723958,0.006166446010236853,-0.0010745239914871046,-0.07745447495472094,160.0,0.3274953931671095,,False
PLAN_pos_1.0,PLAN,pos,1.0,ORIENT,False,40,0.01855043425641561,0.01108530171487437,-0.007465132541541237,-0.3733304889152844,242.0,0.023206125308206538,,False
PLAN_pos_1.0,PLAN,pos,1.0,DESCRIBE,False,40,0.12017275708819927,0.08319864813311376,-0.036974108955085516,-0.21909232551350385,366.0,0.5626676823321759,,False
PLAN_pos_1.0,PLAN,pos,1.0,SYNTHESIZE,False,40,0.020701320838769598,0.014670161224705085,-0.006031159614064511,-0.15069914874260465,330.0,0.9624076632103934,,False
PLAN_pos_1.0,PLAN,pos,1.0,HYPO,False,40,0.1394172935506663,0.18091737206243744,0.041500078511771156,0.5547511823310495,180.0,0.001517616927230847,,False
PLAN_pos_1.0,PLAN,pos,1.0,TEST,False,40,0.5393414186480165,0.5318789709523728,-0.0074624476956436595,-0.043350927109954945,328.0,0.2765956516359438,,False
PLAN_pos_1.0,PLAN,pos,1.0,JUDGE,False,40,0.09112046046668851,0.10314412472244391,0.01202366425575541,0.22242314476792696,322.0,0.2424468300960143,,False
PLAN_pos_1.0,PLAN,pos,1.0,PLAN,True,40,0.04151262582401535,0.05065546760535784,0.009142841781342483,0.2697373214777485,283.0,0.08920892782589362,1.0,False
PLAN_pos_1.0,PLAN,pos,1.0,MONITOR,False,40,0.02194271932550454,0.020906496807616384,-0.0010362225178881552,-0.049316881527687643,378.0,0.6752568088832049,,False
PLAN_pos_1.0,PLAN,pos,1.0,RULE,False,40,0.007240970001723958,0.0035434567770779996,-0.0036975132246459576,-0.3103887544683302,142.0,0.10256331911359984,,False
PLAN_neg_0.5,PLAN,neg,0.5,ORIENT,False,40,0.01855043425641561,0.015501673532075017,-0.003048760724340593,-0.16507354137730107,349.0,0.42021225081225566,,False
PLAN_neg_0.5,PLAN,neg,0.5,DESCRIBE,False,40,0.12017275708819927,0.12045396668536035,0.0002812095971610834,0.0014534249045320851,354.0,0.45981367328386114,,False
PLAN_neg_0.5,PLAN,neg,0.5,SYNTHESIZE,False,40,0.020701320838769598,0.01088156071219815,-0.009819760126571448,-0.2987170358320656,183.0,0.20274301595257616,,False
PLAN_neg_0.5,PLAN,neg,0.5,HYPO,False,40,0.1394172935506663,0.14078356911463943,0.0013662755639731647,0.021941069365825773,409.0,0.9946976143110078,,False
PLAN_neg_0.5,PLAN,neg,0.5,TEST,False,40,0.5393414186480165,0.5279438428305138,-0.011397575817502855,-0.057832456605684195,331.0,0.410311900132763,,False
PLAN_neg_0.5,PLAN,neg,0.5,JUDGE,False,40,0.09112046046668851,0.08439145304051279,-0.0067290074261757244,-0.14059150439062063,348.0,0.4125340336249792,,False
PLAN_neg_0.5,PLAN,neg,0.5,PLAN,True,40,0.04151262582401535,0.051914801047189416,0.010402175223174067,0.28628224971925875,307.0,0.17008811905543553,1.0,False
PLAN_neg_0.5,PLAN,neg,0.5,MONITOR,False,40,0.02194271932550454,0.0411788399488367,0.01923612062333216,0.6732410678297116,132.0,0.0003177408881417711,,False
PLAN_neg_0.5,PLAN,neg,0.5,RULE,False,40,0.007240970001723958,0.0069502930886740895,-0.00029067691304986707,-0.023587254060486673,223.0,0.8450763796366518,,False
PLAN_neg_1.0,PLAN,neg,1.0,ORIENT,False,40,0.01855043425641561,0.01424582277384365,-0.004304611482571957,-0.20102880840572104,312.0,0.19219595044887683,,False
PLAN_neg_1.0,PLAN,neg,1.0,DESCRIBE,False,40,0.12017275708819927,0.05805133924599234,-0.06212141784220695,-0.4426331204717999,209.0,0.006096451763369259,,False
PLAN_neg_1.0,PLAN,neg,1.0,SYNTHESIZE,False,40,0.020701320838769598,0.0072263261184191295,-0.013474994720350469,-0.4237575145412298,161.0,0.019610548081165118,,False
PLAN_neg_1.0,PLAN,neg,1.0,HYPO,False,40,0.1394172935506663,0.18103164049881176,0.0416143469481455,0.6352308547462917,155.0,0.0003790976079471875,,False
PLAN_neg_1.0,PLAN,neg,1.0,TEST,False,40,0.5393414186480165,0.5326823658439015,-0.006659052804115166,-0.04330231042974083,343.0,0.3753805605592788,,False
PLAN_neg_1.0,PLAN,neg,1.0,JUDGE,False,40,0.09112046046668851,0.10597412637577622,0.014853665909087686,0.32542610047246434,260.0,0.06965467718486189,,False
PLAN_neg_1.0,PLAN,neg,1.0,PLAN,True,40,0.04151262582401535,0.036665147479101615,-0.004847478344913735,-0.1627307871705998,329.0,0.2825841121848498,1.0,False
PLAN_neg_1.0,PLAN,neg,1.0,MONITOR,False,40,0.02194271932550454,0.05397785850000604,0.032035139174501494,0.8137076398532553,73.0,7.137441571103409e-07,,False
PLAN_neg_1.0,PLAN,neg,1.0,RULE,False,40,0.007240970001723958,0.010145373164147592,0.002904403162423635,0.15076833615137855,189.0,0.7498782331919757,,False
